file01.txt	 517,62,270,276,275,249,174,124,79,255,153,57,63,30,84,122,74,133,28,66,29,49,122,38,50,15,32,7,47,68,23,38,38,91,29,33,22,34,9,27,28,33,29,25,11,30,4,61,5,55,33,8,13,6,10,13,15,27,22,7,4,33,2,45,15,16,27,10,17,14,13,22,18,9,9,12,5,10,11,5,9,7,5,11,19,12,5,3,9,7,7,4,2,3,6,4,4,6,15,8
file02.txt	 539,64,290,249,325,274,183,181,87,268,159,102,68,51,88,188,101,140,32,73,39,70,109,24,43,32,73,12,14,14,27,39,24,68,33,46,51,51,10,41,47,32,32,24,24,24,6,60,11,71,38,11,17,13,19,28,22,49,20,8,0,20,3,42,19,22,32,22,27,20,23,39,13,6,18,23,9,26,9,4,10,19,6,21,11,25,8,18,19,12,5,6,5,1,19,5,6,18,13,30
file03.txt	 592,57,281,290,309,268,148,206,91,227,177,72,87,37,86,175,100,139,38,86,45,58,158,34,53,22,40,12,54,40,25,29,23,56,37,31,38,40,6,37,48,22,32,31,20,23,8,78,14,50,34,1,12,9,16,40,8,65,21,6,4,20,2,35,7,36,32,15,27,26,14,32,19,6,23,15,2,19,20,8,17,7,3,18,12,12,7,7,10,14,8,2,1,2,10,8,4,4,5,19
file04.txt	 651,64,273,325,338,245,214,158,101,257,156,62,58,36,84,175,95,111,32,75,50,51,151,39,72,18,45,5,20,20,29,33,31,109,36,43,30,57,19,28,42,32,31,21,16,27,3,100,8,61,30,6,24,12,21,41,3,51,13,12,1,14,5,23,3,38,27,18,23,8,18,25,26,1,10,31,14,18,16,4,13,8,4,17,12,18,4,13,15,14,9,4,4,2,9,11,9,18,6,26
file05.txt	 594,58,261,294,271,303,182,164,103,215,150,68,51,41,87,169,90,126,19,63,47,58,135,42,51,10,39,6,33,30,11,34,18,97,38,34,25,59,10,29,33,32,38,21,15,27,10,85,7,43,29,6,31,6,10,43,9,57,19,7,0,29,1,23,9,28,25,7,25,15,18,28,24,7,11,14,12,14,13,10,17,7,3,15,10,8,2,5,17,13,7,1,3,0,13,8,4,22,7,14
file06.txt	 573,51,265,287,295,267,180,156,87,258,147,86,46,33,85,112,67,179,20,81,62,59,103,42,47,11,65,9,56,46,12,26,30,114,42,35,34,44,10,32,40,27,35,22,21,32,9,91,11,69,16,4,18,10,18,31,17,36,23,11,5,44,5,40,13,22,18,15,28,14,14,42,35,4,16,9,12,21,17,4,16,4,2,14,11,33,3,6,16,12,5,3,4,1,12,8,7,8,5,19
file07.txt	 628,56,271,287,323,308,167,180,74,327,191,65,48,41,75,115,76,120,20,95,43,54,88,29,64,16,91,9,36,30,16,34,19,126,43,40,35,53,6,29,49,38,38,22,14,19,6,101,14,70,35,7,14,13,23,26,11,21,9,9,2,33,0,42,16,27,36,8,26,13,14,35,20,7,16,20,14,18,17,6,15,9,5,21,14,30,11,5,7,12,11,5,4,1,17,11,4,4,6,26
file08.txt	 526,73,284,240,272,264,177,180,97,259,141,73,53,38,66,107,81,122,19,65,57,52,91,34,43,20,47,15,72,61,13,39,31,82,39,48,22,47,7,32,50,29,30,18,16,22,5,54,6,67,31,12,16,11,19,38,19,37,12,8,2,26,5,30,16,26,16,19,17,13,13,37,21,6,17,10,3,25,26,4,17,17,1,6,11,25,4,12,8,13,4,3,2,1,11,9,7,11,8,14
file09.txt	 529,77,319,221,266,255,180,195,131,367,186,85,84,31,103,192,77,182,37,82,45,69,142,29,33,14,24,16,46,61,20,32,30,119,33,43,35,41,5,45,56,30,33,30,15,38,7,80,12,86,37,11,17,8,8,29,7,64,13,7,2,36,1,57,13,14,42,16,22,17,23,32,26,10,20,8,6,18,28,5,12,9,1,11,10,29,3,8,11,10,12,1,1,3,18,7,7,4,10,10
file10.txt	 571,82,287,289,298,240,196,153,67,250,140,73,80,41,112,80,92,190,42,87,79,48,54,46,50,24,54,3,49,44,97,30,23,102,36,52,33,52,14,28,43,30,25,46,20,24,2,61,11,63,21,9,26,9,7,47,9,27,19,4,7,20,5,44,14,13,30,17,18,21,10,25,16,15,17,15,15,13,16,4,13,11,14,12,10,15,45,9,14,11,4,2,2,2,49,10,9,12,15,18
